8
9
80
38
83
85
84
8
9
80
38
83
85
84
8
9
9
51
55
61
62
51
56
55
61
62
62
11
12
14
27
15
13
27
16
17
19
19
18
84
84
20
8
11
12
13
27
27
17
19
18
84
20
8
64
65
27
67
22
23
25
22
23
25
8
9
8
50
54
61
8
50
54
61
8
9
8
79
81
84
79
81
84
8
9
51
55
61
62
8
9
11
12
13
38
17
19
18
84
20
8
64
65
27
67
22
23
25
8
11
12
13
38
17
19
18
84
20
8
64
65
27
67
22
23
25
8
9
9
9
9
9
9
9
51
55
61
62
51
56
55
61
62
62
11
12
14
32
15
13
38
16
17
19
19
18
84
84
20
8
11
12
13
27
27
17
19
18
84
20
8
64
65
27
67
22
23
25
22
23
25
11
12
14
32
15
13
38
16
17
19
19
18
84
84
20
8
11
12
13
27
27
17
19
18
84
20
8
64
65
27
67
22
23
25
22
23
25
11
12
14
32
15
13
29
16
17
19
19
18
84
84
20
8
11
12
13
27
27
17
19
18
84
20
8
64
65
27
67
22
23
25
22
23
25
11
12
14
32
15
13
29
16
17
19
19
18
84
84
20
8
11
12
13
27
27
17
19
18
84
20
8
64
65
27
67
22
23
25
22
23
25
11
12
14
32
15
13
30
16
17
19
19
18
84
84
20
8
11
12
13
27
27
17
19
18
84
20
8
64
65
27
67
22
23
25
22
23
25
11
12
14
32
15
13
30
16
17
19
19
18
84
84
20
8
11
12
13
27
27
17
19
18
84
20
8
64
65
27
67
22
23
25
22
23
25
8
9
9
9
9
9
9
9
9
9
9
9
9
9
9
9
51
55
61
62
51
56
55
61
62
62
11
12
14
38
15
13
37
16
17
19
19
18
84
84
20
8
11
12
13
27
27
17
19
18
84
20
8
64
65
27
67
22
23
25
22
23
25
11
12
14
38
15
13
37
16
17
19
19
18
84
84
20
8
11
12
13
27
27
17
19
18
84
20
8
64
65
27
67
22
23
25
22
23
25
11
12
14
38
15
13
32
16
17
19
19
18
84
84
20
8
11
12
13
27
27
17
19
18
84
20
8
64
65
27
67
22
23
25
22
23
25
11
12
14
38
15
13
32
16
17
19
19
18
84
84
20
8
11
12
13
27
27
17
19
18
84
20
8
64
65
27
67
22
23
25
22
23
25
11
12
14
38
15
13
32
16
17
19
19
18
84
84
20
8
11
12
13
27
27
17
19
18
84
20
8
64
65
27
67
22
23
25
22
23
25
11
12
14
38
15
13
32
16
17
19
19
18
84
84
20
8
11
12
13
27
27
17
19
18
84
20
8
64
65
27
67
22
23
25
22
23
25
11
12
14
38
15
13
29
16
17
19
19
18
84
84
20
8
11
12
13
27
27
17
19
18
84
20
8
64
65
27
67
22
23
25
22
23
25
11
12
14
38
15
13
29
16
17
19
19
18
84
84
20
8
11
12
13
27
27
17
19
18
84
20
8
64
65
27
67
22
23
25
22
23
25
11
12
14
38
15
13
29
16
17
19
19
18
84
84
20
8
11
12
13
27
27
17
19
18
84
20
8
64
65
27
67
22
23
25
22
23
25
11
12
14
38
15
13
29
16
17
19
19
18
84
84
20
8
11
12
13
27
27
17
19
18
84
20
8
64
65
27
67
22
23
25
22
23
25
11
12
14
38
15
13
30
16
17
19
19
18
84
84
20
8
11
12
13
27
27
17
19
18
84
20
8
64
65
27
67
22
23
25
22
23
25
11
12
14
38
15
13
30
16
17
19
19
18
84
84
20
8
11
12
13
27
27
17
19
18
84
20
8
64
65
27
67
22
23
25
22
23
25
11
12
14
38
15
13
30
16
17
19
19
18
84
84
20
8
11
12
13
27
27
17
19
18
84
20
8
64
65
27
67
22
23
25
22
23
25
11
12
14
38
15
13
30
16
17
19
19
18
84
84
20
8
11
12
13
27
27
17
19
18
84
20
8
64
65
27
67
22
23
25
22
23
25
8
9
9
9
9
53
59
56
55
61
62
62
63
51
55
61
62
51
56
55
61
62
62
11
12
14
37
15
13
38
16
17
19
19
18
84
84
20
8
11
12
13
11
12
14
27
15
13
27
16
17
19
19
18
84
84
21
20
84
8
1
2
27
27
27
27
3
4
6
22
24
23
26
17
19
18
84
20
8
64
65
27
67
22
23
25
22
23
25
11
12
14
37
15
13
38
16
17
19
19
18
84
84
20
8
11
12
13
11
12
14
27
15
13
27
16
17
19
19
18
84
84
21
20
84
8
1
2
27
27
27
27
3
4
6
22
24
23
26
17
19
18
84
20
8
64
65
27
67
22
23
25
22
23
25
8
9
9
9
9
9
51
55
61
62
51
56
55
61
62
62
11
12
14
30
15
13
38
16
17
19
19
18
84
84
20
8
11
12
13
27
27
17
19
18
84
20
8
64
65
27
67
22
23
25
22
23
25
11
12
14
30
15
13
38
16
17
19
19
18
84
84
20
8
11
12
13
27
27
17
19
18
84
20
8
64
65
27
67
22
23
25
22
23
25
11
12
14
30
15
13
29
16
17
19
19
18
84
84
20
8
11
12
13
27
27
17
19
18
84
20
8
64
65
27
67
22
23
25
22
23
25
11
12
14
30
15
13
29
16
17
19
19
18
84
84
20
8
11
12
13
27
27
17
19
18
84
20
8
64
65
27
67
22
23
25
22
23
25
8
9
9
9
51
55
61
62
51
56
55
61
62
62
11
12
14
29
15
13
38
16
17
19
19
18
84
84
20
8
11
12
13
27
27
17
19
18
84
20
8
64
65
27
67
22
23
25
22
23
25
11
12
14
29
15
13
38
16
17
19
19
18
84
84
20
8
11
12
13
27
27
17
19
18
84
20
8
64
65
27
67
22
23
25
22
23
25
